Within Set Sum of Squared Errors (WSSSE) = 0.3417711521060568
Cluster Centers: 
[ 0.10866183 31.81587331  1.48891338  1.49422977  0.69463174  5.3567168
  0.17706172  0.04998703  0.07060425]
[ 0.11223087 49.57902199  1.66353642  1.46106276  0.52175905  6.82546954
  0.28286761  0.06733852  0.05038937]
[ 0.07788289 21.54322378  1.62029033  1.48760398  0.77524058  5.32042081
  0.14956777  0.03751427  0.08130811]
[ 0.0877587  24.28722966  1.51459971  1.35324082  0.80892026  8.49835553
  0.10083427  0.03244826  0.11900369]
[ 0.06622382 24.25694378  1.49965191  1.39194755  0.8366015   6.30382317
  0.11698671  0.02665777  0.09238847]
[ 0.11018654 42.49524232  1.61174104  1.43352231  0.60945501  6.92190929
  0.22229334  0.06163131  0.06300293]
[1.09929078e-01 6.32932270e+01 1.64539007e+00 1.67375887e+00
 4.98817967e-01 6.80378251e+00 3.09692671e-01 7.32860520e-02
 2.95508274e-02]
[ 0.05384943 21.68257317  1.65409197  1.33509226  0.8600177   7.74677985
  0.10242208  0.0234014   0.1001606 ]
[ 0.08799541 28.58581622  1.44360198  1.41230667  0.78800145  6.12333857
  0.1346363   0.03295674  0.08660585]
[ 0.1024653  34.38920772  1.50642866  1.40014941  0.71415091  7.2777887
  0.1566862   0.04576731  0.08123304]
[ 0.10573816 37.80968635  1.54584958  1.43972145  0.66050139  6.89743733
  0.19598886  0.05309192  0.07554318]
[ 0.07611212 26.36632913  1.46758461  1.36950096  0.83538598  7.04687423
  0.11074437  0.02872063  0.0998325 ]
[ 0.06251302 18.63264152  1.71389873  1.41223866  0.7846079   7.26269362
  0.11933042  0.02889491  0.09328332]
[ 0.10331038 28.18110607  1.47194624  1.36999629  0.76740735  8.53011502
  0.11332811  0.04394608  0.11852249]
[ 0.09658472 31.13350074  1.47652203  1.36720013  0.76528626  7.77944234
  0.12486388  0.04025738  0.1000165 ]
+---+----------+
|Pid|prediction|
+---+----------+
|  0|        12|
|  1|         7|
|  2|        11|
|  3|         4|
|  4|         3|
|  5|        13|
|  6|         2|
|  7|        14|
|  8|        11|
|  9|         5|
| 10|         9|
| 11|         8|
| 12|        13|
| 13|         8|
| 14|         8|
| 15|         8|
| 16|        13|
| 17|         7|
| 18|         8|
| 19|        12|
+---+----------+
only showing top 20 rows

